Tile(A-2311, sides=[210,89,924,318; 616,300,498,231]) [Oriented(A-2311-a, [210, 89, 924, 318]), Oriented(A-2311-b, [616, 300, 498, 231])]
Tile(B-1951, sides=[710,498,177,587; 318,397,841,564]) [Oriented(B-1951-a, [710, 498, 177, 587]), Oriented(B-1951-b, [318, 397, 841, 564])]
Tile(C-1171, sides=[966,288,96,391; 18,399,902,24]) [Oriented(C-1171-a, [966, 288, 96, 391]), Oriented(C-1171-b, [18, 399, 902, 24])]
Tile(D-1427, sides=[948,234,300,9; 348,183,576,210]) [Oriented(D-1427-a, [948, 234, 300, 9]), Oriented(D-1427-b, [348, 183, 576, 210])]
Tile(E-1489, sides=[848,18,183,689; 288,43,565,948]) [Oriented(E-1489-a, [848, 18, 183, 689]), Oriented(E-1489-b, [288, 43, 565, 948])]
Tile(F-2473, sides=[542,116,348,399; 184,481,966,234]) [Oriented(F-2473-a, [542, 116, 348, 399]), Oriented(F-2473-b, [184, 481, 966, 234])]
Tile(G-2971, sides=[161,565,680,78; 689,532,456,85]) [Oriented(G-2971-a, [161, 565, 680, 78]), Oriented(G-2971-b, [689, 532, 456, 85])]
Tile(H-2729, sides=[85,576,397,962; 9,680,271,710]) [Oriented(H-2729-a, [85, 576, 397, 962]), Oriented(H-2729-b, [9, 680, 271, 710])]
Tile(I-3079, sides=[702,264,116,89; 66,501,616,184]) [Oriented(I-3079-a, [702, 264, 116, 89]), Oriented(I-3079-b, [66, 501, 616, 184])]
(210): [2311, 1427]
(89): [2311, 3079]
(924): [2311]
(318): [2311, 1951]
(616): [2311, 3079]
(300): [2311, 1427]
(498): [2311, 1951]
(231): [2311]
(710): [1951, 2729]
(177): [1951]
(587): [1951]
(397): [1951, 2729]
(841): [1951]
(564): [1951]
(966): [1171, 2473]
(288): [1171, 1489]
(96): [1171]
(391): [1171]
(18): [1171, 1489]
(399): [1171, 2473]
(902): [1171]
(24): [1171]
(948): [1427, 1489]
(234): [1427, 2473]
(9): [1427, 2729]
(348): [1427, 2473]
(183): [1427, 1489]
(576): [1427, 2729]
(848): [1489]
(689): [1489, 2971]
(43): [1489]
(565): [1489, 2971]
(542): [2473]
(116): [2473, 3079]
(184): [2473, 3079]
(481): [2473]
(161): [2971]
(680): [2971, 2729]
(78): [2971]
(532): [2971]
(456): [2971]
(85): [2971, 2729]
(962): [2729]
(271): [2729]
(702): [3079]
(264): [3079]
(66): [3079]
(501): [3079]